video/exp                    J_v0   J_v1  delta  %frames_differ  IoU(v0,v1)
blackswan/0_1                95.8   96.0   +0.1            89.6        99.2
camel/0_1                    96.9   96.5   -0.5            94.3        99.0
car-roundabout/0_1           98.5   98.5   -0.0            93.2        99.7
cows/0_1                     94.9   94.8   -0.1            95.1        99.4
dogs-jump/0_3                94.2   94.1   -0.1            92.2        98.8
dogs-jump/0_1                 0.1    0.1   +0.0            92.2        99.0
dogs-jump/0_2                94.5   94.6   +0.1            92.2        99.0
drift-straight/0_1           96.3   96.1   -0.2            89.6        99.3
gold-fish/0_1                89.2   89.1   -0.1            93.4        96.9
gold-fish/0_2                 0.1    0.2   +0.1            93.4        96.8
gold-fish/0_3                 0.0    0.0   +0.0            93.4        98.6
gold-fish/0_4                 0.1    0.1   -0.0            93.4        96.8
gold-fish/0_5                 0.0    0.0   +0.0            93.4        96.8
india/0_1                    91.3   90.7   -0.5            70.9        98.7
india/0_2                     6.3    6.3   +0.0            77.2        98.7
india/0_3                    81.9   81.8   -0.1            77.2        98.7
judo/0_2                      2.1    2.5   +0.5            84.4        97.5
judo/0_1                     87.4   86.7   -0.7            84.4        97.5
kite-surf/0_1                25.0   24.7   -0.3            89.6        95.8
kite-surf/0_2                46.2   49.2   +2.9            37.5        91.9
kite-surf/0_3                71.4   71.9   +0.5            89.6        98.0
lab-coat/0_1                  3.1    6.9   +3.8            88.9        83.1
lab-coat/0_2                  4.6    4.6   +0.0            66.7        91.2
lab-coat/0_3                 51.5   51.9   +0.4            88.9        98.3
lab-coat/0_4                  6.9    6.9   -0.0            88.9        97.5
lab-coat/0_5                  0.0    0.0   +0.0            88.9        90.8
libby/0_1                    91.4   91.1   -0.3            89.4        98.7
loading/0_1                   0.0    0.0   +0.0            89.6        99.3
loading/0_2                  42.0   54.3  +12.3            89.6        85.9
loading/0_3                  95.3   95.2   -0.1            89.6        99.3
motocross-jump/0_1           27.6   27.6   -0.0            86.8        99.2
motocross-jump/0_2           84.6   73.2  -11.4            86.8        84.2
scooter-black/0_1            72.8   73.6   +0.9            87.8        96.0
scooter-black/0_2            73.1   73.1   -0.1            87.8        99.4
MEAN over 34 exprs           50.7   51.0   +0.2            86.6        96.4
