video/exp                    J_v0   J_v1  delta  %frames_differ  IoU(v0,v1)
blackswan/0_1                95.8   95.6   -0.2            68.8        98.7
camel/0_1                    96.9   96.8   -0.2            83.0        99.5
car-roundabout/0_1           98.5   98.5   -0.0            79.5        99.8
cows/0_1                     94.9   94.5   -0.4            85.3        99.1
dogs-jump/0_3                94.2   94.3   +0.1            76.6        99.2
dogs-jump/0_1                 0.1    0.1   +0.0            76.6        99.2
dogs-jump/0_2                94.5   94.5   +0.0            76.6        99.2
drift-straight/0_1           96.3   96.3   +0.0            68.8        99.7
gold-fish/0_1                89.2   88.6   -0.6            80.3        97.5
gold-fish/0_2                 0.1    0.1   -0.0            80.3        97.5
gold-fish/0_3                 0.0    0.0   +0.0            80.3        98.9
gold-fish/0_4                 0.1    0.1   -0.0            80.3        97.5
gold-fish/0_5                 0.0    0.0   +0.0            80.3        97.5
india/0_1                    91.3   91.6   +0.4            58.2        99.1
india/0_2                     6.3    5.1   -1.3            65.8        97.7
india/0_3                    81.9   82.7   +0.8            65.8        97.7
judo/0_2                      2.1    2.2   +0.2            53.1        98.9
judo/0_1                     87.4   87.5   +0.1            53.1        98.9
kite-surf/0_1                25.0   25.0   -0.1            68.8        97.8
kite-surf/0_2                46.2   48.8   +2.5            18.8        94.5
kite-surf/0_3                71.4   71.5   +0.1            68.8        98.9
lab-coat/0_1                  3.1    7.1   +4.0            66.7        86.9
lab-coat/0_2                  4.6    4.6   +0.0            66.7        93.2
lab-coat/0_3                 51.5   51.4   -0.1            66.7        99.6
lab-coat/0_4                  6.9    6.8   -0.1            66.7        98.3
lab-coat/0_5                  0.0    0.0   +0.0            66.7        91.5
libby/0_1                    91.4   91.1   -0.3            68.1        98.9
loading/0_1                   0.0    0.0   +0.0            68.8        99.5
loading/0_2                  42.0   51.5   +9.5            68.8        88.6
loading/0_3                  95.3   95.2   -0.1            68.8        99.5
motocross-jump/0_1           27.6   27.5   -0.1            60.5        99.2
motocross-jump/0_2           84.6   83.2   -1.5            60.5        97.4
scooter-black/0_1            72.8   73.6   +0.8            63.4        96.4
scooter-black/0_2            73.1   73.1   -0.0            63.4        99.7
MEAN over 34 exprs           50.7   51.1   +0.4            68.4        97.5
