video/exp                    J_v0   J_v1  delta  %frames_differ  IoU(v0,v1)
blackswan/0_1                95.8   95.8   +0.0            79.2        99.4
camel/0_1                    96.9   96.5   -0.4            88.6        99.2
car-roundabout/0_1           98.5   98.5   -0.0            86.3        99.7
cows/0_1                     94.9   94.8   -0.0            90.2        99.5
dogs-jump/0_3                94.2   94.2   -0.1            84.4        99.1
dogs-jump/0_1                 0.1    0.1   -0.0            84.4        99.1
dogs-jump/0_2                94.5   94.5   +0.0            84.4        99.1
drift-straight/0_1           96.3   96.2   -0.1            79.2        99.5
gold-fish/0_1                89.2   88.7   -0.4            86.8        97.6
gold-fish/0_2                 0.1    0.1   -0.0            86.8        97.6
gold-fish/0_3                 0.0    0.0   +0.0            86.8        98.7
gold-fish/0_4                 0.1    0.1   -0.0            86.8        97.6
gold-fish/0_5                 0.0    0.0   +0.0            86.8        97.6
india/0_1                    91.3   90.8   -0.4            64.6        98.8
india/0_2                     6.3    5.1   -1.3            72.2        97.6
india/0_3                    81.9   82.7   +0.8            72.2        97.6
judo/0_2                      2.1    2.4   +0.3            68.8        96.8
judo/0_1                     87.4   85.6   -1.8            68.8        96.8
kite-surf/0_1                25.0   25.0   -0.1            79.2        95.3
kite-surf/0_2                46.2   48.6   +2.4            27.1        92.6
kite-surf/0_3                71.4   71.8   +0.4            79.2        98.2
lab-coat/0_1                  3.1    3.1   -0.0            77.8        99.0
lab-coat/0_2                  4.6    4.6   -0.0            66.7        93.3
lab-coat/0_3                 51.5   51.6   +0.2            77.8        99.1
lab-coat/0_4                  6.9    6.9   +0.0            77.8        97.9
lab-coat/0_5                  0.0    0.0   +0.0            77.8        91.0
libby/0_1                    91.4   91.1   -0.3            78.7        99.0
loading/0_1                   0.0    0.0   +0.0            79.2        99.5
loading/0_2                  42.0   51.6   +9.6            79.2        88.5
loading/0_3                  95.3   95.2   -0.1            79.2        99.5
motocross-jump/0_1           27.6   27.6   -0.0            73.7        99.4
motocross-jump/0_2           84.6   83.3   -1.3            73.7        96.5
scooter-black/0_1            72.8   72.2   -0.6            75.6        96.7
scooter-black/0_2            73.1   73.0   -0.1            75.6        99.5
MEAN over 34 exprs           50.7   50.9   +0.2            77.5        97.5
